2021/11/17-02:50:18.585061 1145e6e00 RocksDB version: 6.17.3
2021/11/17-02:50:18.585135 1145e6e00 Git sha rocksdb_build_git_sha:@09c7e96eac1ab983f97ce9e0406730b8014b3398@
2021/11/17-02:50:18.585139 1145e6e00 Compile date Oct  6 2021
2021/11/17-02:50:18.585164 1145e6e00 DB SUMMARY
2021/11/17-02:50:18.585167 1145e6e00 DB Session ID:  R9C4AC26UKOVY324SY8M
2021/11/17-02:50:18.585244 1145e6e00 CURRENT file:  CURRENT
2021/11/17-02:50:18.585247 1145e6e00 IDENTITY file:  IDENTITY
2021/11/17-02:50:18.585256 1145e6e00 MANIFEST file:  MANIFEST-000003 size: 1376 Bytes
2021/11/17-02:50:18.585259 1145e6e00 SST files in test-ledger/rocksdb dir, Total Num: 0, files: 
2021/11/17-02:50:18.585262 1145e6e00 Write Ahead Log file in test-ledger/rocksdb: 000004.log size: 3918 ; 
2021/11/17-02:50:18.585265 1145e6e00                         Options.error_if_exists: 0
2021/11/17-02:50:18.585267 1145e6e00                       Options.create_if_missing: 1
2021/11/17-02:50:18.585269 1145e6e00                         Options.paranoid_checks: 1
2021/11/17-02:50:18.585271 1145e6e00                               Options.track_and_verify_wals_in_manifest: 0
2021/11/17-02:50:18.585272 1145e6e00                                     Options.env: 0x106475bc8
2021/11/17-02:50:18.585275 1145e6e00                                      Options.fs: Posix File System
2021/11/17-02:50:18.585277 1145e6e00                                Options.info_log: 0x7ff53cf35b40
2021/11/17-02:50:18.585278 1145e6e00                Options.max_file_opening_threads: 16
2021/11/17-02:50:18.585280 1145e6e00                              Options.statistics: 0x0
2021/11/17-02:50:18.585282 1145e6e00                               Options.use_fsync: 0
2021/11/17-02:50:18.585284 1145e6e00                       Options.max_log_file_size: 0
2021/11/17-02:50:18.585286 1145e6e00                  Options.max_manifest_file_size: 1073741824
2021/11/17-02:50:18.585288 1145e6e00                   Options.log_file_time_to_roll: 0
2021/11/17-02:50:18.585290 1145e6e00                       Options.keep_log_file_num: 1000
2021/11/17-02:50:18.585291 1145e6e00                    Options.recycle_log_file_num: 0
2021/11/17-02:50:18.585293 1145e6e00                         Options.allow_fallocate: 1
2021/11/17-02:50:18.585295 1145e6e00                        Options.allow_mmap_reads: 0
2021/11/17-02:50:18.585297 1145e6e00                       Options.allow_mmap_writes: 0
2021/11/17-02:50:18.585298 1145e6e00                        Options.use_direct_reads: 0
2021/11/17-02:50:18.585300 1145e6e00                        Options.use_direct_io_for_flush_and_compaction: 0
2021/11/17-02:50:18.585302 1145e6e00          Options.create_missing_column_families: 1
2021/11/17-02:50:18.585304 1145e6e00                              Options.db_log_dir: 
2021/11/17-02:50:18.585306 1145e6e00                                 Options.wal_dir: test-ledger/rocksdb
2021/11/17-02:50:18.585308 1145e6e00                Options.table_cache_numshardbits: 6
2021/11/17-02:50:18.585309 1145e6e00                         Options.WAL_ttl_seconds: 0
2021/11/17-02:50:18.585311 1145e6e00                       Options.WAL_size_limit_MB: 0
2021/11/17-02:50:18.585313 1145e6e00                        Options.max_write_batch_group_size_bytes: 1048576
2021/11/17-02:50:18.585315 1145e6e00             Options.manifest_preallocation_size: 4194304
2021/11/17-02:50:18.585317 1145e6e00                     Options.is_fd_close_on_exec: 1
2021/11/17-02:50:18.585319 1145e6e00                   Options.advise_random_on_open: 1
2021/11/17-02:50:18.585321 1145e6e00                    Options.db_write_buffer_size: 0
2021/11/17-02:50:18.585322 1145e6e00                    Options.write_buffer_manager: 0x7ff53cf35b00
2021/11/17-02:50:18.585324 1145e6e00         Options.access_hint_on_compaction_start: 1
2021/11/17-02:50:18.585326 1145e6e00  Options.new_table_reader_for_compaction_inputs: 0
2021/11/17-02:50:18.585328 1145e6e00           Options.random_access_max_buffer_size: 1048576
2021/11/17-02:50:18.585329 1145e6e00                      Options.use_adaptive_mutex: 0
2021/11/17-02:50:18.585331 1145e6e00                            Options.rate_limiter: 0x0
2021/11/17-02:50:18.585374 1145e6e00     Options.sst_file_manager.rate_bytes_per_sec: 0
2021/11/17-02:50:18.585377 1145e6e00                       Options.wal_recovery_mode: 2
2021/11/17-02:50:18.585379 1145e6e00                  Options.enable_thread_tracking: 0
2021/11/17-02:50:18.585381 1145e6e00                  Options.enable_pipelined_write: 0
2021/11/17-02:50:18.585383 1145e6e00                  Options.unordered_write: 0
2021/11/17-02:50:18.585385 1145e6e00         Options.allow_concurrent_memtable_write: 1
2021/11/17-02:50:18.585387 1145e6e00      Options.enable_write_thread_adaptive_yield: 1
2021/11/17-02:50:18.585388 1145e6e00             Options.write_thread_max_yield_usec: 100
2021/11/17-02:50:18.585390 1145e6e00            Options.write_thread_slow_yield_usec: 3
2021/11/17-02:50:18.585392 1145e6e00                               Options.row_cache: None
2021/11/17-02:50:18.585394 1145e6e00                              Options.wal_filter: None
2021/11/17-02:50:18.585396 1145e6e00             Options.avoid_flush_during_recovery: 0
2021/11/17-02:50:18.585398 1145e6e00             Options.allow_ingest_behind: 0
2021/11/17-02:50:18.585400 1145e6e00             Options.preserve_deletes: 0
2021/11/17-02:50:18.585402 1145e6e00             Options.two_write_queues: 0
2021/11/17-02:50:18.585403 1145e6e00             Options.manual_wal_flush: 0
2021/11/17-02:50:18.585405 1145e6e00             Options.atomic_flush: 0
2021/11/17-02:50:18.585407 1145e6e00             Options.avoid_unnecessary_blocking_io: 0
2021/11/17-02:50:18.585409 1145e6e00                 Options.persist_stats_to_disk: 0
2021/11/17-02:50:18.585411 1145e6e00                 Options.write_dbid_to_manifest: 0
2021/11/17-02:50:18.585413 1145e6e00                 Options.log_readahead_size: 0
2021/11/17-02:50:18.585415 1145e6e00                 Options.file_checksum_gen_factory: Unknown
2021/11/17-02:50:18.585417 1145e6e00                 Options.best_efforts_recovery: 0
2021/11/17-02:50:18.585419 1145e6e00                Options.max_bgerror_resume_count: 2147483647
2021/11/17-02:50:18.585421 1145e6e00            Options.bgerror_resume_retry_interval: 1000000
2021/11/17-02:50:18.585423 1145e6e00             Options.allow_data_in_errors: 0
2021/11/17-02:50:18.585424 1145e6e00             Options.db_host_id: __hostname__
2021/11/17-02:50:18.585426 1145e6e00             Options.max_background_jobs: 8
2021/11/17-02:50:18.585428 1145e6e00             Options.max_background_compactions: -1
2021/11/17-02:50:18.585430 1145e6e00             Options.max_subcompactions: 1
2021/11/17-02:50:18.585432 1145e6e00             Options.avoid_flush_during_shutdown: 0
2021/11/17-02:50:18.585434 1145e6e00           Options.writable_file_max_buffer_size: 1048576
2021/11/17-02:50:18.585435 1145e6e00             Options.delayed_write_rate : 16777216
2021/11/17-02:50:18.585437 1145e6e00             Options.max_total_wal_size: 4294967296
2021/11/17-02:50:18.585439 1145e6e00             Options.delete_obsolete_files_period_micros: 21600000000
2021/11/17-02:50:18.585441 1145e6e00                   Options.stats_dump_period_sec: 600
2021/11/17-02:50:18.585442 1145e6e00                 Options.stats_persist_period_sec: 600
2021/11/17-02:50:18.585444 1145e6e00                 Options.stats_history_buffer_size: 1048576
2021/11/17-02:50:18.585446 1145e6e00                          Options.max_open_files: -1
2021/11/17-02:50:18.585447 1145e6e00                          Options.bytes_per_sync: 0
2021/11/17-02:50:18.585449 1145e6e00                      Options.wal_bytes_per_sync: 0
2021/11/17-02:50:18.585451 1145e6e00                   Options.strict_bytes_per_sync: 0
2021/11/17-02:50:18.585453 1145e6e00       Options.compaction_readahead_size: 0
2021/11/17-02:50:18.585455 1145e6e00                  Options.max_background_flushes: -1
2021/11/17-02:50:18.585456 1145e6e00 Compression algorithms supported:
2021/11/17-02:50:18.585459 1145e6e00 	kZSTD supported: 0
2021/11/17-02:50:18.585461 1145e6e00 	kZlibCompression supported: 0
2021/11/17-02:50:18.585463 1145e6e00 	kXpressCompression supported: 0
2021/11/17-02:50:18.585501 1145e6e00 	kSnappyCompression supported: 0
2021/11/17-02:50:18.585504 1145e6e00 	kZSTDNotFinalCompression supported: 0
2021/11/17-02:50:18.585506 1145e6e00 	kLZ4HCCompression supported: 1
2021/11/17-02:50:18.585508 1145e6e00 	kLZ4Compression supported: 1
2021/11/17-02:50:18.585510 1145e6e00 	kBZip2Compression supported: 0
2021/11/17-02:50:18.585512 1145e6e00 Fast CRC32 supported: Supported on x86
2021/11/17-02:50:18.585665 1145e6e00 [db/version_set.cc:4757] Recovering from manifest file: test-ledger/rocksdb/MANIFEST-000003
2021/11/17-02:50:18.585731 1145e6e00 [db/column_family.cc:597] --------------- Options for column family [default]:
2021/11/17-02:50:18.585735 1145e6e00               Options.comparator: leveldb.BytewiseComparator
2021/11/17-02:50:18.585738 1145e6e00           Options.merge_operator: None
2021/11/17-02:50:18.585740 1145e6e00        Options.compaction_filter: None
2021/11/17-02:50:18.585741 1145e6e00        Options.compaction_filter_factory: None
2021/11/17-02:50:18.585743 1145e6e00  Options.sst_partitioner_factory: None
2021/11/17-02:50:18.585745 1145e6e00         Options.memtable_factory: SkipListFactory
2021/11/17-02:50:18.585747 1145e6e00            Options.table_factory: BlockBasedTable
2021/11/17-02:50:18.585770 1145e6e00            table_factory options:   flush_block_policy_factory: FlushBlockBySizePolicyFactory (0x7ff53cf265d0)
  cache_index_and_filter_blocks: 0
  cache_index_and_filter_blocks_with_high_priority: 1
  pin_l0_filter_and_index_blocks_in_cache: 0
  pin_top_level_index_and_filter: 1
  index_type: 0
  data_block_index_type: 0
  index_shortening: 1
  data_block_hash_table_util_ratio: 0.750000
  hash_index_allow_collision: 1
  checksum: 1
  no_block_cache: 0
  block_cache: 0x7ff53cf34a68
  block_cache_name: LRUCache
  block_cache_options:
    capacity : 8388608
    num_shard_bits : 4
    strict_capacity_limit : 0
    memory_allocator : None
    high_pri_pool_ratio: 0.000
  block_cache_compressed: 0x0
  persistent_cache: 0x0
  block_size: 4096
  block_size_deviation: 10
  block_restart_interval: 16
  index_block_restart_interval: 1
  metadata_block_size: 4096
  partition_filters: 0
  use_delta_encoding: 1
  filter_policy: nullptr
  whole_key_filtering: 1
  verify_compression: 0
  read_amp_bytes_per_bit: 0
  format_version: 4
  enable_index_compression: 1
  block_align: 0
2021/11/17-02:50:18.585775 1145e6e00        Options.write_buffer_size: 67108864
2021/11/17-02:50:18.585778 1145e6e00  Options.max_write_buffer_number: 2
2021/11/17-02:50:18.585779 1145e6e00          Options.compression: NoCompression
2021/11/17-02:50:18.585781 1145e6e00                  Options.bottommost_compression: Disabled
2021/11/17-02:50:18.585783 1145e6e00       Options.prefix_extractor: nullptr
2021/11/17-02:50:18.585785 1145e6e00   Options.memtable_insert_with_hint_prefix_extractor: nullptr
2021/11/17-02:50:18.585787 1145e6e00             Options.num_levels: 7
2021/11/17-02:50:18.585788 1145e6e00        Options.min_write_buffer_number_to_merge: 1
2021/11/17-02:50:18.585790 1145e6e00     Options.max_write_buffer_number_to_maintain: 0
2021/11/17-02:50:18.585792 1145e6e00     Options.max_write_buffer_size_to_maintain: 0
2021/11/17-02:50:18.585793 1145e6e00            Options.bottommost_compression_opts.window_bits: -14
2021/11/17-02:50:18.585795 1145e6e00                  Options.bottommost_compression_opts.level: 32767
2021/11/17-02:50:18.585797 1145e6e00               Options.bottommost_compression_opts.strategy: 0
2021/11/17-02:50:18.585798 1145e6e00         Options.bottommost_compression_opts.max_dict_bytes: 0
2021/11/17-02:50:18.585800 1145e6e00         Options.bottommost_compression_opts.zstd_max_train_bytes: 0
2021/11/17-02:50:18.585802 1145e6e00         Options.bottommost_compression_opts.parallel_threads: 1
2021/11/17-02:50:18.585804 1145e6e00                  Options.bottommost_compression_opts.enabled: false
2021/11/17-02:50:18.585805 1145e6e00            Options.compression_opts.window_bits: -14
2021/11/17-02:50:18.585807 1145e6e00                  Options.compression_opts.level: 32767
2021/11/17-02:50:18.585844 1145e6e00               Options.compression_opts.strategy: 0
2021/11/17-02:50:18.585847 1145e6e00         Options.compression_opts.max_dict_bytes: 0
2021/11/17-02:50:18.585849 1145e6e00         Options.compression_opts.zstd_max_train_bytes: 0
2021/11/17-02:50:18.585851 1145e6e00         Options.compression_opts.parallel_threads: 1
2021/11/17-02:50:18.585853 1145e6e00                  Options.compression_opts.enabled: false
2021/11/17-02:50:18.585855 1145e6e00      Options.level0_file_num_compaction_trigger: 4
2021/11/17-02:50:18.585857 1145e6e00          Options.level0_slowdown_writes_trigger: 20
2021/11/17-02:50:18.585859 1145e6e00              Options.level0_stop_writes_trigger: 36
2021/11/17-02:50:18.585861 1145e6e00                   Options.target_file_size_base: 67108864
2021/11/17-02:50:18.585863 1145e6e00             Options.target_file_size_multiplier: 1
2021/11/17-02:50:18.585864 1145e6e00                Options.max_bytes_for_level_base: 268435456
2021/11/17-02:50:18.585866 1145e6e00 Options.level_compaction_dynamic_level_bytes: 0
2021/11/17-02:50:18.585868 1145e6e00          Options.max_bytes_for_level_multiplier: 10.000000
2021/11/17-02:50:18.585871 1145e6e00 Options.max_bytes_for_level_multiplier_addtl[0]: 1
2021/11/17-02:50:18.585873 1145e6e00 Options.max_bytes_for_level_multiplier_addtl[1]: 1
2021/11/17-02:50:18.585876 1145e6e00 Options.max_bytes_for_level_multiplier_addtl[2]: 1
2021/11/17-02:50:18.585878 1145e6e00 Options.max_bytes_for_level_multiplier_addtl[3]: 1
2021/11/17-02:50:18.585880 1145e6e00 Options.max_bytes_for_level_multiplier_addtl[4]: 1
2021/11/17-02:50:18.585882 1145e6e00 Options.max_bytes_for_level_multiplier_addtl[5]: 1
2021/11/17-02:50:18.585884 1145e6e00 Options.max_bytes_for_level_multiplier_addtl[6]: 1
2021/11/17-02:50:18.585886 1145e6e00       Options.max_sequential_skip_in_iterations: 8
2021/11/17-02:50:18.585888 1145e6e00                    Options.max_compaction_bytes: 1677721600
2021/11/17-02:50:18.585890 1145e6e00                        Options.arena_block_size: 8388608
2021/11/17-02:50:18.585892 1145e6e00   Options.soft_pending_compaction_bytes_limit: 68719476736
2021/11/17-02:50:18.585893 1145e6e00   Options.hard_pending_compaction_bytes_limit: 274877906944
2021/11/17-02:50:18.585895 1145e6e00       Options.rate_limit_delay_max_milliseconds: 100
2021/11/17-02:50:18.585897 1145e6e00                Options.disable_auto_compactions: 0
2021/11/17-02:50:18.585899 1145e6e00                        Options.compaction_style: kCompactionStyleLevel
2021/11/17-02:50:18.585901 1145e6e00                          Options.compaction_pri: kMinOverlappingRatio
2021/11/17-02:50:18.585902 1145e6e00 Options.compaction_options_universal.size_ratio: 1
2021/11/17-02:50:18.585904 1145e6e00 Options.compaction_options_universal.min_merge_width: 2
2021/11/17-02:50:18.585906 1145e6e00 Options.compaction_options_universal.max_merge_width: 4294967295
2021/11/17-02:50:18.585908 1145e6e00 Options.compaction_options_universal.max_size_amplification_percent: 200
2021/11/17-02:50:18.585910 1145e6e00 Options.compaction_options_universal.compression_size_percent: -1
2021/11/17-02:50:18.585913 1145e6e00 Options.compaction_options_universal.stop_style: kCompactionStopStyleTotalSize
2021/11/17-02:50:18.585914 1145e6e00 Options.compaction_options_fifo.max_table_files_size: 1073741824
2021/11/17-02:50:18.585916 1145e6e00 Options.compaction_options_fifo.allow_compaction: 0
2021/11/17-02:50:18.585920 1145e6e00                   Options.table_properties_collectors: 
2021/11/17-02:50:18.585922 1145e6e00                   Options.inplace_update_support: 0
2021/11/17-02:50:18.585923 1145e6e00                 Options.inplace_update_num_locks: 10000
2021/11/17-02:50:18.585925 1145e6e00               Options.memtable_prefix_bloom_size_ratio: 0.000000
2021/11/17-02:50:18.585927 1145e6e00               Options.memtable_whole_key_filtering: 0
2021/11/17-02:50:18.585929 1145e6e00   Options.memtable_huge_page_size: 0
2021/11/17-02:50:18.585931 1145e6e00                           Options.bloom_locality: 0
2021/11/17-02:50:18.585966 1145e6e00                    Options.max_successive_merges: 0
2021/11/17-02:50:18.585969 1145e6e00                Options.optimize_filters_for_hits: 0
2021/11/17-02:50:18.585971 1145e6e00                Options.paranoid_file_checks: 0
2021/11/17-02:50:18.585972 1145e6e00                Options.force_consistency_checks: 1
2021/11/17-02:50:18.585974 1145e6e00                Options.report_bg_io_stats: 0
2021/11/17-02:50:18.585976 1145e6e00                               Options.ttl: 2592000
2021/11/17-02:50:18.585977 1145e6e00          Options.periodic_compaction_seconds: 0
2021/11/17-02:50:18.585979 1145e6e00                    Options.enable_blob_files: false
2021/11/17-02:50:18.585980 1145e6e00                        Options.min_blob_size: 0
2021/11/17-02:50:18.585982 1145e6e00                       Options.blob_file_size: 268435456
2021/11/17-02:50:18.585984 1145e6e00                Options.blob_compression_type: NoCompression
2021/11/17-02:50:18.585986 1145e6e00       Options.enable_blob_garbage_collection: false
2021/11/17-02:50:18.585987 1145e6e00   Options.blob_garbage_collection_age_cutoff: 0.250000
2021/11/17-02:50:18.586046 1145e6e00 [db/column_family.cc:597] --------------- Options for column family [meta]:
2021/11/17-02:50:18.586050 1145e6e00               Options.comparator: leveldb.BytewiseComparator
2021/11/17-02:50:18.586052 1145e6e00           Options.merge_operator: None
2021/11/17-02:50:18.586054 1145e6e00        Options.compaction_filter: None
2021/11/17-02:50:18.586056 1145e6e00        Options.compaction_filter_factory: purged_slot_filter_factory(meta)
2021/11/17-02:50:18.586058 1145e6e00  Options.sst_partitioner_factory: None
2021/11/17-02:50:18.586060 1145e6e00         Options.memtable_factory: SkipListFactory
2021/11/17-02:50:18.586061 1145e6e00            Options.table_factory: BlockBasedTable
2021/11/17-02:50:18.586080 1145e6e00            table_factory options:   flush_block_policy_factory: FlushBlockBySizePolicyFactory (0x7ff53cf25c40)
  cache_index_and_filter_blocks: 0
  cache_index_and_filter_blocks_with_high_priority: 1
  pin_l0_filter_and_index_blocks_in_cache: 0
  pin_top_level_index_and_filter: 1
  index_type: 0
  data_block_index_type: 0
  index_shortening: 1
  data_block_hash_table_util_ratio: 0.750000
  hash_index_allow_collision: 1
  checksum: 1
  no_block_cache: 0
  block_cache: 0x7ff53cf25c88
  block_cache_name: LRUCache
  block_cache_options:
    capacity : 8388608
    num_shard_bits : 4
    strict_capacity_limit : 0
    memory_allocator : None
    high_pri_pool_ratio: 0.000
  block_cache_compressed: 0x0
  persistent_cache: 0x0
  block_size: 4096
  block_size_deviation: 10
  block_restart_interval: 16
  index_block_restart_interval: 1
  metadata_block_size: 4096
  partition_filters: 0
  use_delta_encoding: 1
  filter_policy: nullptr
  whole_key_filtering: 1
  verify_compression: 0
  read_amp_bytes_per_bit: 0
  format_version: 4
  enable_index_compression: 1
  block_align: 0
2021/11/17-02:50:18.586084 1145e6e00        Options.write_buffer_size: 268435456
2021/11/17-02:50:18.586086 1145e6e00  Options.max_write_buffer_number: 8
2021/11/17-02:50:18.586087 1145e6e00          Options.compression: NoCompression
2021/11/17-02:50:18.586088 1145e6e00                  Options.bottommost_compression: Disabled
2021/11/17-02:50:18.586089 1145e6e00       Options.prefix_extractor: nullptr
2021/11/17-02:50:18.586090 1145e6e00   Options.memtable_insert_with_hint_prefix_extractor: nullptr
2021/11/17-02:50:18.586091 1145e6e00             Options.num_levels: 7
2021/11/17-02:50:18.586091 1145e6e00        Options.min_write_buffer_number_to_merge: 1
2021/11/17-02:50:18.586092 1145e6e00     Options.max_write_buffer_number_to_maintain: 0
2021/11/17-02:50:18.586093 1145e6e00     Options.max_write_buffer_size_to_maintain: 0
2021/11/17-02:50:18.586094 1145e6e00            Options.bottommost_compression_opts.window_bits: -14
2021/11/17-02:50:18.586095 1145e6e00                  Options.bottommost_compression_opts.level: 32767
2021/11/17-02:50:18.586096 1145e6e00               Options.bottommost_compression_opts.strategy: 0
2021/11/17-02:50:18.586127 1145e6e00         Options.bottommost_compression_opts.max_dict_bytes: 0
2021/11/17-02:50:18.586130 1145e6e00         Options.bottommost_compression_opts.zstd_max_train_bytes: 0
2021/11/17-02:50:18.586132 1145e6e00         Options.bottommost_compression_opts.parallel_threads: 1
2021/11/17-02:50:18.586134 1145e6e00                  Options.bottommost_compression_opts.enabled: false
2021/11/17-02:50:18.586136 1145e6e00            Options.compression_opts.window_bits: -14
2021/11/17-02:50:18.586137 1145e6e00                  Options.compression_opts.level: 32767
2021/11/17-02:50:18.586139 1145e6e00               Options.compression_opts.strategy: 0
2021/11/17-02:50:18.586140 1145e6e00         Options.compression_opts.max_dict_bytes: 0
2021/11/17-02:50:18.586141 1145e6e00         Options.compression_opts.zstd_max_train_bytes: 0
2021/11/17-02:50:18.586141 1145e6e00         Options.compression_opts.parallel_threads: 1
2021/11/17-02:50:18.586142 1145e6e00                  Options.compression_opts.enabled: false
2021/11/17-02:50:18.586143 1145e6e00      Options.level0_file_num_compaction_trigger: 4
2021/11/17-02:50:18.586144 1145e6e00          Options.level0_slowdown_writes_trigger: 20
2021/11/17-02:50:18.586145 1145e6e00              Options.level0_stop_writes_trigger: 36
2021/11/17-02:50:18.586146 1145e6e00                   Options.target_file_size_base: 107374182
2021/11/17-02:50:18.586147 1145e6e00             Options.target_file_size_multiplier: 1
2021/11/17-02:50:18.586148 1145e6e00                Options.max_bytes_for_level_base: 1073741824
2021/11/17-02:50:18.586149 1145e6e00 Options.level_compaction_dynamic_level_bytes: 0
2021/11/17-02:50:18.586150 1145e6e00          Options.max_bytes_for_level_multiplier: 10.000000
2021/11/17-02:50:18.586152 1145e6e00 Options.max_bytes_for_level_multiplier_addtl[0]: 1
2021/11/17-02:50:18.586153 1145e6e00 Options.max_bytes_for_level_multiplier_addtl[1]: 1
2021/11/17-02:50:18.586154 1145e6e00 Options.max_bytes_for_level_multiplier_addtl[2]: 1
2021/11/17-02:50:18.586155 1145e6e00 Options.max_bytes_for_level_multiplier_addtl[3]: 1
2021/11/17-02:50:18.586156 1145e6e00 Options.max_bytes_for_level_multiplier_addtl[4]: 1
2021/11/17-02:50:18.586156 1145e6e00 Options.max_bytes_for_level_multiplier_addtl[5]: 1
2021/11/17-02:50:18.586157 1145e6e00 Options.max_bytes_for_level_multiplier_addtl[6]: 1
2021/11/17-02:50:18.586158 1145e6e00       Options.max_sequential_skip_in_iterations: 8
2021/11/17-02:50:18.586159 1145e6e00                    Options.max_compaction_bytes: 2684354550
2021/11/17-02:50:18.586160 1145e6e00                        Options.arena_block_size: 33554432
2021/11/17-02:50:18.586161 1145e6e00   Options.soft_pending_compaction_bytes_limit: 68719476736
2021/11/17-02:50:18.586162 1145e6e00   Options.hard_pending_compaction_bytes_limit: 274877906944
2021/11/17-02:50:18.586163 1145e6e00       Options.rate_limit_delay_max_milliseconds: 100
2021/11/17-02:50:18.586164 1145e6e00                Options.disable_auto_compactions: 0
2021/11/17-02:50:18.586165 1145e6e00                        Options.compaction_style: kCompactionStyleLevel
2021/11/17-02:50:18.586166 1145e6e00                          Options.compaction_pri: kMinOverlappingRatio
2021/11/17-02:50:18.586167 1145e6e00 Options.compaction_options_universal.size_ratio: 1
2021/11/17-02:50:18.586168 1145e6e00 Options.compaction_options_universal.min_merge_width: 2
2021/11/17-02:50:18.586169 1145e6e00 Options.compaction_options_universal.max_merge_width: 4294967295
2021/11/17-02:50:18.586170 1145e6e00 Options.compaction_options_universal.max_size_amplification_percent: 200
2021/11/17-02:50:18.586171 1145e6e00 Options.compaction_options_universal.compression_size_percent: -1
2021/11/17-02:50:18.586173 1145e6e00 Options.compaction_options_universal.stop_style: kCompactionStopStyleTotalSize
2021/11/17-02:50:18.586174 1145e6e00 Options.compaction_options_fifo.max_table_files_size: 1073741824
2021/11/17-02:50:18.586174 1145e6e00 Options.compaction_options_fifo.allow_compaction: 0
2021/11/17-02:50:18.586193 1145e6e00                   Options.table_properties_collectors: 
2021/11/17-02:50:18.586195 1145e6e00                   Options.inplace_update_support: 0
2021/11/17-02:50:18.586196 1145e6e00                 Options.inplace_update_num_locks: 10000
2021/11/17-02:50:18.586197 1145e6e00               Options.memtable_prefix_bloom_size_ratio: 0.000000
2021/11/17-02:50:18.586198 1145e6e00               Options.memtable_whole_key_filtering: 0
2021/11/17-02:50:18.586199 1145e6e00   Options.memtable_huge_page_size: 0
2021/11/17-02:50:18.586200 1145e6e00                           Options.bloom_locality: 0
2021/11/17-02:50:18.586201 1145e6e00                    Options.max_successive_merges: 0
2021/11/17-02:50:18.586202 1145e6e00                Options.optimize_filters_for_hits: 0
2021/11/17-02:50:18.586203 1145e6e00                Options.paranoid_file_checks: 0
2021/11/17-02:50:18.586204 1145e6e00                Options.force_consistency_checks: 1
2021/11/17-02:50:18.586205 1145e6e00                Options.report_bg_io_stats: 0
2021/11/17-02:50:18.586206 1145e6e00                               Options.ttl: 2592000
2021/11/17-02:50:18.586207 1145e6e00          Options.periodic_compaction_seconds: 2592000
2021/11/17-02:50:18.586208 1145e6e00                    Options.enable_blob_files: false
2021/11/17-02:50:18.586209 1145e6e00                        Options.min_blob_size: 0
2021/11/17-02:50:18.586209 1145e6e00                       Options.blob_file_size: 268435456
2021/11/17-02:50:18.586210 1145e6e00                Options.blob_compression_type: NoCompression
2021/11/17-02:50:18.586211 1145e6e00       Options.enable_blob_garbage_collection: false
2021/11/17-02:50:18.586212 1145e6e00   Options.blob_garbage_collection_age_cutoff: 0.250000
2021/11/17-02:50:18.586238 1145e6e00 [db/column_family.cc:597] --------------- Options for column family [dead_slots]:
2021/11/17-02:50:18.586240 1145e6e00               Options.comparator: leveldb.BytewiseComparator
2021/11/17-02:50:18.586241 1145e6e00           Options.merge_operator: None
2021/11/17-02:50:18.586242 1145e6e00        Options.compaction_filter: None
2021/11/17-02:50:18.586243 1145e6e00        Options.compaction_filter_factory: purged_slot_filter_factory(dead_slots)
2021/11/17-02:50:18.586244 1145e6e00  Options.sst_partitioner_factory: None
2021/11/17-02:50:18.586245 1145e6e00         Options.memtable_factory: SkipListFactory
2021/11/17-02:50:18.586246 1145e6e00            Options.table_factory: BlockBasedTable
2021/11/17-02:50:18.586261 1145e6e00            table_factory options:   flush_block_policy_factory: FlushBlockBySizePolicyFactory (0x7ff53cf26900)
  cache_index_and_filter_blocks: 0
  cache_index_and_filter_blocks_with_high_priority: 1
  pin_l0_filter_and_index_blocks_in_cache: 0
  pin_top_level_index_and_filter: 1
  index_type: 0
  data_block_index_type: 0
  index_shortening: 1
  data_block_hash_table_util_ratio: 0.750000
  hash_index_allow_collision: 1
  checksum: 1
  no_block_cache: 0
  block_cache: 0x7ff53cf26948
  block_cache_name: LRUCache
  block_cache_options:
    capacity : 8388608
    num_shard_bits : 4
    strict_capacity_limit : 0
    memory_allocator : None
    high_pri_pool_ratio: 0.000
  block_cache_compressed: 0x0
  persistent_cache: 0x0
  block_size: 4096
  block_size_deviation: 10
  block_restart_interval: 16
  index_block_restart_interval: 1
  metadata_block_size: 4096
  partition_filters: 0
  use_delta_encoding: 1
  filter_policy: nullptr
  whole_key_filtering: 1
  verify_compression: 0
  read_amp_bytes_per_bit: 0
  format_version: 4
  enable_index_compression: 1
  block_align: 0
2021/11/17-02:50:18.586264 1145e6e00        Options.write_buffer_size: 268435456
2021/11/17-02:50:18.586265 1145e6e00  Options.max_write_buffer_number: 8
2021/11/17-02:50:18.586266 1145e6e00          Options.compression: NoCompression
2021/11/17-02:50:18.586267 1145e6e00                  Options.bottommost_compression: Disabled
2021/11/17-02:50:18.586268 1145e6e00       Options.prefix_extractor: nullptr
2021/11/17-02:50:18.586269 1145e6e00   Options.memtable_insert_with_hint_prefix_extractor: nullptr
2021/11/17-02:50:18.586287 1145e6e00             Options.num_levels: 7
2021/11/17-02:50:18.586289 1145e6e00        Options.min_write_buffer_number_to_merge: 1
2021/11/17-02:50:18.586290 1145e6e00     Options.max_write_buffer_number_to_maintain: 0
2021/11/17-02:50:18.586291 1145e6e00     Options.max_write_buffer_size_to_maintain: 0
2021/11/17-02:50:18.586292 1145e6e00            Options.bottommost_compression_opts.window_bits: -14
2021/11/17-02:50:18.586293 1145e6e00                  Options.bottommost_compression_opts.level: 32767
2021/11/17-02:50:18.586294 1145e6e00               Options.bottommost_compression_opts.strategy: 0
2021/11/17-02:50:18.586295 1145e6e00         Options.bottommost_compression_opts.max_dict_bytes: 0
2021/11/17-02:50:18.586296 1145e6e00         Options.bottommost_compression_opts.zstd_max_train_bytes: 0
2021/11/17-02:50:18.586297 1145e6e00         Options.bottommost_compression_opts.parallel_threads: 1
2021/11/17-02:50:18.586298 1145e6e00                  Options.bottommost_compression_opts.enabled: false
2021/11/17-02:50:18.586299 1145e6e00            Options.compression_opts.window_bits: -14
2021/11/17-02:50:18.586299 1145e6e00                  Options.compression_opts.level: 32767
2021/11/17-02:50:18.586300 1145e6e00               Options.compression_opts.strategy: 0
2021/11/17-02:50:18.586301 1145e6e00         Options.compression_opts.max_dict_bytes: 0
2021/11/17-02:50:18.586302 1145e6e00         Options.compression_opts.zstd_max_train_bytes: 0
2021/11/17-02:50:18.586303 1145e6e00         Options.compression_opts.parallel_threads: 1
2021/11/17-02:50:18.586304 1145e6e00                  Options.compression_opts.enabled: false
2021/11/17-02:50:18.586305 1145e6e00      Options.level0_file_num_compaction_trigger: 4
2021/11/17-02:50:18.586306 1145e6e00          Options.level0_slowdown_writes_trigger: 20
2021/11/17-02:50:18.586307 1145e6e00              Options.level0_stop_writes_trigger: 36
2021/11/17-02:50:18.586308 1145e6e00                   Options.target_file_size_base: 107374182
2021/11/17-02:50:18.586309 1145e6e00             Options.target_file_size_multiplier: 1
2021/11/17-02:50:18.586310 1145e6e00                Options.max_bytes_for_level_base: 1073741824
2021/11/17-02:50:18.586311 1145e6e00 Options.level_compaction_dynamic_level_bytes: 0
2021/11/17-02:50:18.586312 1145e6e00          Options.max_bytes_for_level_multiplier: 10.000000
2021/11/17-02:50:18.586313 1145e6e00 Options.max_bytes_for_level_multiplier_addtl[0]: 1
2021/11/17-02:50:18.586314 1145e6e00 Options.max_bytes_for_level_multiplier_addtl[1]: 1
2021/11/17-02:50:18.586315 1145e6e00 Options.max_bytes_for_level_multiplier_addtl[2]: 1
2021/11/17-02:50:18.586316 1145e6e00 Options.max_bytes_for_level_multiplier_addtl[3]: 1
2021/11/17-02:50:18.586317 1145e6e00 Options.max_bytes_for_level_multiplier_addtl[4]: 1
2021/11/17-02:50:18.586318 1145e6e00 Options.max_bytes_for_level_multiplier_addtl[5]: 1
2021/11/17-02:50:18.586319 1145e6e00 Options.max_bytes_for_level_multiplier_addtl[6]: 1
2021/11/17-02:50:18.586320 1145e6e00       Options.max_sequential_skip_in_iterations: 8
2021/11/17-02:50:18.586321 1145e6e00                    Options.max_compaction_bytes: 2684354550
2021/11/17-02:50:18.586322 1145e6e00                        Options.arena_block_size: 33554432
2021/11/17-02:50:18.586323 1145e6e00   Options.soft_pending_compaction_bytes_limit: 68719476736
2021/11/17-02:50:18.586324 1145e6e00   Options.hard_pending_compaction_bytes_limit: 274877906944
2021/11/17-02:50:18.586325 1145e6e00       Options.rate_limit_delay_max_milliseconds: 100
2021/11/17-02:50:18.586326 1145e6e00                Options.disable_auto_compactions: 0
2021/11/17-02:50:18.586327 1145e6e00                        Options.compaction_style: kCompactionStyleLevel
2021/11/17-02:50:18.586328 1145e6e00                          Options.compaction_pri: kMinOverlappingRatio
2021/11/17-02:50:18.586329 1145e6e00 Options.compaction_options_universal.size_ratio: 1
2021/11/17-02:50:18.586330 1145e6e00 Options.compaction_options_universal.min_merge_width: 2
2021/11/17-02:50:18.586344 1145e6e00 Options.compaction_options_universal.max_merge_width: 4294967295
2021/11/17-02:50:18.586345 1145e6e00 Options.compaction_options_universal.max_size_amplification_percent: 200
2021/11/17-02:50:18.586346 1145e6e00 Options.compaction_options_universal.compression_size_percent: -1
2021/11/17-02:50:18.586348 1145e6e00 Options.compaction_options_universal.stop_style: kCompactionStopStyleTotalSize
2021/11/17-02:50:18.586349 1145e6e00 Options.compaction_options_fifo.max_table_files_size: 1073741824
2021/11/17-02:50:18.586350 1145e6e00 Options.compaction_options_fifo.allow_compaction: 0
2021/11/17-02:50:18.586351 1145e6e00                   Options.table_properties_collectors: 
2021/11/17-02:50:18.586352 1145e6e00                   Options.inplace_update_support: 0
2021/11/17-02:50:18.586353 1145e6e00                 Options.inplace_update_num_locks: 10000
2021/11/17-02:50:18.586354 1145e6e00               Options.memtable_prefix_bloom_size_ratio: 0.000000
2021/11/17-02:50:18.586355 1145e6e00               Options.memtable_whole_key_filtering: 0
2021/11/17-02:50:18.586356 1145e6e00   Options.memtable_huge_page_size: 0
2021/11/17-02:50:18.586357 1145e6e00                           Options.bloom_locality: 0
2021/11/17-02:50:18.586358 1145e6e00                    Options.max_successive_merges: 0
2021/11/17-02:50:18.586359 1145e6e00                Options.optimize_filters_for_hits: 0
2021/11/17-02:50:18.586360 1145e6e00                Options.paranoid_file_checks: 0
2021/11/17-02:50:18.586361 1145e6e00                Options.force_consistency_checks: 1
2021/11/17-02:50:18.586362 1145e6e00                Options.report_bg_io_stats: 0
2021/11/17-02:50:18.586362 1145e6e00                               Options.ttl: 2592000
2021/11/17-02:50:18.586363 1145e6e00          Options.periodic_compaction_seconds: 2592000
2021/11/17-02:50:18.586364 1145e6e00                    Options.enable_blob_files: false
2021/11/17-02:50:18.586365 1145e6e00                        Options.min_blob_size: 0
2021/11/17-02:50:18.586366 1145e6e00                       Options.blob_file_size: 268435456
2021/11/17-02:50:18.586367 1145e6e00                Options.blob_compression_type: NoCompression
2021/11/17-02:50:18.586368 1145e6e00       Options.enable_blob_garbage_collection: false
2021/11/17-02:50:18.586369 1145e6e00   Options.blob_garbage_collection_age_cutoff: 0.250000
2021/11/17-02:50:18.586416 1145e6e00 [db/column_family.cc:597] --------------- Options for column family [duplicate_slots]:
2021/11/17-02:50:18.586418 1145e6e00               Options.comparator: leveldb.BytewiseComparator
2021/11/17-02:50:18.586419 1145e6e00           Options.merge_operator: None
2021/11/17-02:50:18.586420 1145e6e00        Options.compaction_filter: None
2021/11/17-02:50:18.586421 1145e6e00        Options.compaction_filter_factory: purged_slot_filter_factory(duplicate_slots)
2021/11/17-02:50:18.586422 1145e6e00  Options.sst_partitioner_factory: None
2021/11/17-02:50:18.586423 1145e6e00         Options.memtable_factory: SkipListFactory
2021/11/17-02:50:18.586424 1145e6e00            Options.table_factory: BlockBasedTable
2021/11/17-02:50:18.586433 1145e6e00            table_factory options:   flush_block_policy_factory: FlushBlockBySizePolicyFactory (0x7ff53cf27560)
  cache_index_and_filter_blocks: 0
  cache_index_and_filter_blocks_with_high_priority: 1
  pin_l0_filter_and_index_blocks_in_cache: 0
  pin_top_level_index_and_filter: 1
  index_type: 0
  data_block_index_type: 0
  index_shortening: 1
  data_block_hash_table_util_ratio: 0.750000
  hash_index_allow_collision: 1
  checksum: 1
  no_block_cache: 0
  block_cache: 0x7ff53cf275a8
  block_cache_name: LRUCache
  block_cache_options:
    capacity : 8388608
    num_shard_bits : 4
    strict_capacity_limit : 0
    memory_allocator : None
    high_pri_pool_ratio: 0.000
  block_cache_compressed: 0x0
  persistent_cache: 0x0
  block_size: 4096
  block_size_deviation: 10
  block_restart_interval: 16
  index_block_restart_interval: 1
  metadata_block_size: 4096
  partition_filters: 0
  use_delta_encoding: 1
  filter_policy: nullptr
  whole_key_filtering: 1
  verify_compression: 0
  read_amp_bytes_per_bit: 0
  format_version: 4
  enable_index_compression: 1
  block_align: 0
2021/11/17-02:50:18.586453 1145e6e00        Options.write_buffer_size: 268435456
2021/11/17-02:50:18.586454 1145e6e00  Options.max_write_buffer_number: 8
2021/11/17-02:50:18.586455 1145e6e00          Options.compression: NoCompression
2021/11/17-02:50:18.586456 1145e6e00                  Options.bottommost_compression: Disabled
2021/11/17-02:50:18.586457 1145e6e00       Options.prefix_extractor: nullptr
2021/11/17-02:50:18.586458 1145e6e00   Options.memtable_insert_with_hint_prefix_extractor: nullptr
2021/11/17-02:50:18.586459 1145e6e00             Options.num_levels: 7
2021/11/17-02:50:18.586460 1145e6e00        Options.min_write_buffer_number_to_merge: 1
2021/11/17-02:50:18.586461 1145e6e00     Options.max_write_buffer_number_to_maintain: 0
2021/11/17-02:50:18.586462 1145e6e00     Options.max_write_buffer_size_to_maintain: 0
2021/11/17-02:50:18.586463 1145e6e00            Options.bottommost_compression_opts.window_bits: -14
2021/11/17-02:50:18.586464 1145e6e00                  Options.bottommost_compression_opts.level: 32767
2021/11/17-02:50:18.586465 1145e6e00               Options.bottommost_compression_opts.strategy: 0
2021/11/17-02:50:18.586466 1145e6e00         Options.bottommost_compression_opts.max_dict_bytes: 0
2021/11/17-02:50:18.586467 1145e6e00         Options.bottommost_compression_opts.zstd_max_train_bytes: 0
2021/11/17-02:50:18.586468 1145e6e00         Options.bottommost_compression_opts.parallel_threads: 1
2021/11/17-02:50:18.586469 1145e6e00                  Options.bottommost_compression_opts.enabled: false
2021/11/17-02:50:18.586470 1145e6e00            Options.compression_opts.window_bits: -14
2021/11/17-02:50:18.586471 1145e6e00                  Options.compression_opts.level: 32767
2021/11/17-02:50:18.586472 1145e6e00               Options.compression_opts.strategy: 0
2021/11/17-02:50:18.586473 1145e6e00         Options.compression_opts.max_dict_bytes: 0
2021/11/17-02:50:18.586474 1145e6e00         Options.compression_opts.zstd_max_train_bytes: 0
2021/11/17-02:50:18.586474 1145e6e00         Options.compression_opts.parallel_threads: 1
2021/11/17-02:50:18.586475 1145e6e00                  Options.compression_opts.enabled: false
2021/11/17-02:50:18.586476 1145e6e00      Options.level0_file_num_compaction_trigger: 4
2021/11/17-02:50:18.586477 1145e6e00          Options.level0_slowdown_writes_trigger: 20
2021/11/17-02:50:18.586478 1145e6e00              Options.level0_stop_writes_trigger: 36
2021/11/17-02:50:18.586479 1145e6e00                   Options.target_file_size_base: 107374182
2021/11/17-02:50:18.586480 1145e6e00             Options.target_file_size_multiplier: 1
2021/11/17-02:50:18.586481 1145e6e00                Options.max_bytes_for_level_base: 1073741824
2021/11/17-02:50:18.586482 1145e6e00 Options.level_compaction_dynamic_level_bytes: 0
