2021/11/17-02:50:18.135340 1145e6e00 RocksDB version: 6.17.3
2021/11/17-02:50:18.135751 1145e6e00 Git sha rocksdb_build_git_sha:@09c7e96eac1ab983f97ce9e0406730b8014b3398@
2021/11/17-02:50:18.135756 1145e6e00 Compile date Oct  6 2021
2021/11/17-02:50:18.135804 1145e6e00 DB SUMMARY
2021/11/17-02:50:18.135810 1145e6e00 DB Session ID:  QB76VGKVZLQRIJZD2R68
2021/11/17-02:50:18.135880 1145e6e00 SST files in test-ledger/rocksdb dir, Total Num: 0, files: 
2021/11/17-02:50:18.135885 1145e6e00 Write Ahead Log file in test-ledger/rocksdb: 
2021/11/17-02:50:18.135888 1145e6e00                         Options.error_if_exists: 0
2021/11/17-02:50:18.135891 1145e6e00                       Options.create_if_missing: 1
2021/11/17-02:50:18.135892 1145e6e00                         Options.paranoid_checks: 1
2021/11/17-02:50:18.135894 1145e6e00                               Options.track_and_verify_wals_in_manifest: 0
2021/11/17-02:50:18.135896 1145e6e00                                     Options.env: 0x106475bc8
2021/11/17-02:50:18.135898 1145e6e00                                      Options.fs: Posix File System
2021/11/17-02:50:18.135900 1145e6e00                                Options.info_log: 0x7ff53cf32dc0
2021/11/17-02:50:18.135902 1145e6e00                Options.max_file_opening_threads: 16
2021/11/17-02:50:18.135904 1145e6e00                              Options.statistics: 0x0
2021/11/17-02:50:18.135905 1145e6e00                               Options.use_fsync: 0
2021/11/17-02:50:18.135907 1145e6e00                       Options.max_log_file_size: 0
2021/11/17-02:50:18.135909 1145e6e00                  Options.max_manifest_file_size: 1073741824
2021/11/17-02:50:18.135911 1145e6e00                   Options.log_file_time_to_roll: 0
2021/11/17-02:50:18.135912 1145e6e00                       Options.keep_log_file_num: 1000
2021/11/17-02:50:18.135914 1145e6e00                    Options.recycle_log_file_num: 0
2021/11/17-02:50:18.135916 1145e6e00                         Options.allow_fallocate: 1
2021/11/17-02:50:18.135918 1145e6e00                        Options.allow_mmap_reads: 0
2021/11/17-02:50:18.135920 1145e6e00                       Options.allow_mmap_writes: 0
2021/11/17-02:50:18.135921 1145e6e00                        Options.use_direct_reads: 0
2021/11/17-02:50:18.135923 1145e6e00                        Options.use_direct_io_for_flush_and_compaction: 0
2021/11/17-02:50:18.135925 1145e6e00          Options.create_missing_column_families: 1
2021/11/17-02:50:18.135926 1145e6e00                              Options.db_log_dir: 
2021/11/17-02:50:18.135928 1145e6e00                                 Options.wal_dir: test-ledger/rocksdb
2021/11/17-02:50:18.135930 1145e6e00                Options.table_cache_numshardbits: 6
2021/11/17-02:50:18.135932 1145e6e00                         Options.WAL_ttl_seconds: 0
2021/11/17-02:50:18.135933 1145e6e00                       Options.WAL_size_limit_MB: 0
2021/11/17-02:50:18.135935 1145e6e00                        Options.max_write_batch_group_size_bytes: 1048576
2021/11/17-02:50:18.135937 1145e6e00             Options.manifest_preallocation_size: 4194304
2021/11/17-02:50:18.135939 1145e6e00                     Options.is_fd_close_on_exec: 1
2021/11/17-02:50:18.135941 1145e6e00                   Options.advise_random_on_open: 1
2021/11/17-02:50:18.135942 1145e6e00                    Options.db_write_buffer_size: 0
2021/11/17-02:50:18.135944 1145e6e00                    Options.write_buffer_manager: 0x7ff53cf32d80
2021/11/17-02:50:18.135946 1145e6e00         Options.access_hint_on_compaction_start: 1
2021/11/17-02:50:18.135947 1145e6e00  Options.new_table_reader_for_compaction_inputs: 0
2021/11/17-02:50:18.135949 1145e6e00           Options.random_access_max_buffer_size: 1048576
2021/11/17-02:50:18.135950 1145e6e00                      Options.use_adaptive_mutex: 0
2021/11/17-02:50:18.135952 1145e6e00                            Options.rate_limiter: 0x0
2021/11/17-02:50:18.135954 1145e6e00     Options.sst_file_manager.rate_bytes_per_sec: 0
2021/11/17-02:50:18.135956 1145e6e00                       Options.wal_recovery_mode: 2
2021/11/17-02:50:18.135957 1145e6e00                  Options.enable_thread_tracking: 0
2021/11/17-02:50:18.136001 1145e6e00                  Options.enable_pipelined_write: 0
2021/11/17-02:50:18.136005 1145e6e00                  Options.unordered_write: 0
2021/11/17-02:50:18.136006 1145e6e00         Options.allow_concurrent_memtable_write: 1
2021/11/17-02:50:18.136008 1145e6e00      Options.enable_write_thread_adaptive_yield: 1
2021/11/17-02:50:18.136010 1145e6e00             Options.write_thread_max_yield_usec: 100
2021/11/17-02:50:18.136011 1145e6e00            Options.write_thread_slow_yield_usec: 3
2021/11/17-02:50:18.136013 1145e6e00                               Options.row_cache: None
2021/11/17-02:50:18.136015 1145e6e00                              Options.wal_filter: None
2021/11/17-02:50:18.136017 1145e6e00             Options.avoid_flush_during_recovery: 0
2021/11/17-02:50:18.136018 1145e6e00             Options.allow_ingest_behind: 0
2021/11/17-02:50:18.136020 1145e6e00             Options.preserve_deletes: 0
2021/11/17-02:50:18.136022 1145e6e00             Options.two_write_queues: 0
2021/11/17-02:50:18.136024 1145e6e00             Options.manual_wal_flush: 0
2021/11/17-02:50:18.136025 1145e6e00             Options.atomic_flush: 0
2021/11/17-02:50:18.136027 1145e6e00             Options.avoid_unnecessary_blocking_io: 0
2021/11/17-02:50:18.136029 1145e6e00                 Options.persist_stats_to_disk: 0
2021/11/17-02:50:18.136031 1145e6e00                 Options.write_dbid_to_manifest: 0
2021/11/17-02:50:18.136032 1145e6e00                 Options.log_readahead_size: 0
2021/11/17-02:50:18.136034 1145e6e00                 Options.file_checksum_gen_factory: Unknown
2021/11/17-02:50:18.136036 1145e6e00                 Options.best_efforts_recovery: 0
2021/11/17-02:50:18.136038 1145e6e00                Options.max_bgerror_resume_count: 2147483647
2021/11/17-02:50:18.136040 1145e6e00            Options.bgerror_resume_retry_interval: 1000000
2021/11/17-02:50:18.136042 1145e6e00             Options.allow_data_in_errors: 0
2021/11/17-02:50:18.136043 1145e6e00             Options.db_host_id: __hostname__
2021/11/17-02:50:18.136045 1145e6e00             Options.max_background_jobs: 8
2021/11/17-02:50:18.136047 1145e6e00             Options.max_background_compactions: -1
2021/11/17-02:50:18.136048 1145e6e00             Options.max_subcompactions: 1
2021/11/17-02:50:18.136050 1145e6e00             Options.avoid_flush_during_shutdown: 0
2021/11/17-02:50:18.136052 1145e6e00           Options.writable_file_max_buffer_size: 1048576
2021/11/17-02:50:18.136053 1145e6e00             Options.delayed_write_rate : 16777216
2021/11/17-02:50:18.136063 1145e6e00             Options.max_total_wal_size: 4294967296
2021/11/17-02:50:18.136065 1145e6e00             Options.delete_obsolete_files_period_micros: 21600000000
2021/11/17-02:50:18.136067 1145e6e00                   Options.stats_dump_period_sec: 600
2021/11/17-02:50:18.136068 1145e6e00                 Options.stats_persist_period_sec: 600
2021/11/17-02:50:18.136070 1145e6e00                 Options.stats_history_buffer_size: 1048576
2021/11/17-02:50:18.136071 1145e6e00                          Options.max_open_files: -1
2021/11/17-02:50:18.136073 1145e6e00                          Options.bytes_per_sync: 0
2021/11/17-02:50:18.136074 1145e6e00                      Options.wal_bytes_per_sync: 0
2021/11/17-02:50:18.136076 1145e6e00                   Options.strict_bytes_per_sync: 0
2021/11/17-02:50:18.136077 1145e6e00       Options.compaction_readahead_size: 0
2021/11/17-02:50:18.136079 1145e6e00                  Options.max_background_flushes: -1
2021/11/17-02:50:18.136080 1145e6e00 Compression algorithms supported:
2021/11/17-02:50:18.136082 1145e6e00 	kZSTD supported: 0
2021/11/17-02:50:18.136084 1145e6e00 	kZlibCompression supported: 0
2021/11/17-02:50:18.136086 1145e6e00 	kXpressCompression supported: 0
2021/11/17-02:50:18.136088 1145e6e00 	kSnappyCompression supported: 0
2021/11/17-02:50:18.136089 1145e6e00 	kZSTDNotFinalCompression supported: 0
2021/11/17-02:50:18.136091 1145e6e00 	kLZ4HCCompression supported: 1
2021/11/17-02:50:18.136123 1145e6e00 	kLZ4Compression supported: 1
2021/11/17-02:50:18.136126 1145e6e00 	kBZip2Compression supported: 0
2021/11/17-02:50:18.136129 1145e6e00 Fast CRC32 supported: Supported on x86
2021/11/17-02:50:18.136854 1145e6e00 [db/db_impl/db_impl_open.cc:283] Creating manifest 1 
2021/11/17-02:50:18.137812 1145e6e00 [db/version_set.cc:4757] Recovering from manifest file: test-ledger/rocksdb/MANIFEST-000001
2021/11/17-02:50:18.137936 1145e6e00 [db/column_family.cc:597] --------------- Options for column family [default]:
2021/11/17-02:50:18.137944 1145e6e00               Options.comparator: leveldb.BytewiseComparator
2021/11/17-02:50:18.137947 1145e6e00           Options.merge_operator: None
2021/11/17-02:50:18.137949 1145e6e00        Options.compaction_filter: None
2021/11/17-02:50:18.137951 1145e6e00        Options.compaction_filter_factory: None
2021/11/17-02:50:18.137953 1145e6e00  Options.sst_partitioner_factory: None
2021/11/17-02:50:18.137955 1145e6e00         Options.memtable_factory: SkipListFactory
2021/11/17-02:50:18.137957 1145e6e00            Options.table_factory: BlockBasedTable
2021/11/17-02:50:18.137990 1145e6e00            table_factory options:   flush_block_policy_factory: FlushBlockBySizePolicyFactory (0x7ff53cf23860)
  cache_index_and_filter_blocks: 0
  cache_index_and_filter_blocks_with_high_priority: 1
  pin_l0_filter_and_index_blocks_in_cache: 0
  pin_top_level_index_and_filter: 1
  index_type: 0
  data_block_index_type: 0
  index_shortening: 1
  data_block_hash_table_util_ratio: 0.750000
  hash_index_allow_collision: 1
  checksum: 1
  no_block_cache: 0
  block_cache: 0x7ff53cf31ce8
  block_cache_name: LRUCache
  block_cache_options:
    capacity : 8388608
    num_shard_bits : 4
    strict_capacity_limit : 0
    memory_allocator : None
    high_pri_pool_ratio: 0.000
  block_cache_compressed: 0x0
  persistent_cache: 0x0
  block_size: 4096
  block_size_deviation: 10
  block_restart_interval: 16
  index_block_restart_interval: 1
  metadata_block_size: 4096
  partition_filters: 0
  use_delta_encoding: 1
  filter_policy: nullptr
  whole_key_filtering: 1
  verify_compression: 0
  read_amp_bytes_per_bit: 0
  format_version: 4
  enable_index_compression: 1
  block_align: 0
2021/11/17-02:50:18.137995 1145e6e00        Options.write_buffer_size: 67108864
2021/11/17-02:50:18.137997 1145e6e00  Options.max_write_buffer_number: 2
2021/11/17-02:50:18.138002 1145e6e00          Options.compression: NoCompression
2021/11/17-02:50:18.138004 1145e6e00                  Options.bottommost_compression: Disabled
2021/11/17-02:50:18.138006 1145e6e00       Options.prefix_extractor: nullptr
2021/11/17-02:50:18.138008 1145e6e00   Options.memtable_insert_with_hint_prefix_extractor: nullptr
2021/11/17-02:50:18.138010 1145e6e00             Options.num_levels: 7
2021/11/17-02:50:18.138012 1145e6e00        Options.min_write_buffer_number_to_merge: 1
2021/11/17-02:50:18.138014 1145e6e00     Options.max_write_buffer_number_to_maintain: 0
2021/11/17-02:50:18.138017 1145e6e00     Options.max_write_buffer_size_to_maintain: 0
2021/11/17-02:50:18.138019 1145e6e00            Options.bottommost_compression_opts.window_bits: -14
2021/11/17-02:50:18.138021 1145e6e00                  Options.bottommost_compression_opts.level: 32767
2021/11/17-02:50:18.138023 1145e6e00               Options.bottommost_compression_opts.strategy: 0
2021/11/17-02:50:18.138025 1145e6e00         Options.bottommost_compression_opts.max_dict_bytes: 0
2021/11/17-02:50:18.138027 1145e6e00         Options.bottommost_compression_opts.zstd_max_train_bytes: 0
2021/11/17-02:50:18.138029 1145e6e00         Options.bottommost_compression_opts.parallel_threads: 1
2021/11/17-02:50:18.138031 1145e6e00                  Options.bottommost_compression_opts.enabled: false
2021/11/17-02:50:18.138033 1145e6e00            Options.compression_opts.window_bits: -14
2021/11/17-02:50:18.138036 1145e6e00                  Options.compression_opts.level: 32767
2021/11/17-02:50:18.138037 1145e6e00               Options.compression_opts.strategy: 0
2021/11/17-02:50:18.138039 1145e6e00         Options.compression_opts.max_dict_bytes: 0
2021/11/17-02:50:18.138085 1145e6e00         Options.compression_opts.zstd_max_train_bytes: 0
2021/11/17-02:50:18.138088 1145e6e00         Options.compression_opts.parallel_threads: 1
2021/11/17-02:50:18.138090 1145e6e00                  Options.compression_opts.enabled: false
2021/11/17-02:50:18.138093 1145e6e00      Options.level0_file_num_compaction_trigger: 4
2021/11/17-02:50:18.138095 1145e6e00          Options.level0_slowdown_writes_trigger: 20
2021/11/17-02:50:18.138097 1145e6e00              Options.level0_stop_writes_trigger: 36
2021/11/17-02:50:18.138098 1145e6e00                   Options.target_file_size_base: 67108864
2021/11/17-02:50:18.138101 1145e6e00             Options.target_file_size_multiplier: 1
2021/11/17-02:50:18.138103 1145e6e00                Options.max_bytes_for_level_base: 268435456
2021/11/17-02:50:18.138105 1145e6e00 Options.level_compaction_dynamic_level_bytes: 0
2021/11/17-02:50:18.138106 1145e6e00          Options.max_bytes_for_level_multiplier: 10.000000
2021/11/17-02:50:18.138109 1145e6e00 Options.max_bytes_for_level_multiplier_addtl[0]: 1
2021/11/17-02:50:18.138111 1145e6e00 Options.max_bytes_for_level_multiplier_addtl[1]: 1
2021/11/17-02:50:18.138114 1145e6e00 Options.max_bytes_for_level_multiplier_addtl[2]: 1
2021/11/17-02:50:18.138116 1145e6e00 Options.max_bytes_for_level_multiplier_addtl[3]: 1
2021/11/17-02:50:18.138118 1145e6e00 Options.max_bytes_for_level_multiplier_addtl[4]: 1
2021/11/17-02:50:18.138120 1145e6e00 Options.max_bytes_for_level_multiplier_addtl[5]: 1
2021/11/17-02:50:18.138122 1145e6e00 Options.max_bytes_for_level_multiplier_addtl[6]: 1
2021/11/17-02:50:18.138124 1145e6e00       Options.max_sequential_skip_in_iterations: 8
2021/11/17-02:50:18.138126 1145e6e00                    Options.max_compaction_bytes: 1677721600
2021/11/17-02:50:18.138128 1145e6e00                        Options.arena_block_size: 8388608
2021/11/17-02:50:18.138131 1145e6e00   Options.soft_pending_compaction_bytes_limit: 68719476736
2021/11/17-02:50:18.138133 1145e6e00   Options.hard_pending_compaction_bytes_limit: 274877906944
2021/11/17-02:50:18.138135 1145e6e00       Options.rate_limit_delay_max_milliseconds: 100
2021/11/17-02:50:18.138137 1145e6e00                Options.disable_auto_compactions: 0
2021/11/17-02:50:18.138139 1145e6e00                        Options.compaction_style: kCompactionStyleLevel
2021/11/17-02:50:18.138142 1145e6e00                          Options.compaction_pri: kMinOverlappingRatio
2021/11/17-02:50:18.138144 1145e6e00 Options.compaction_options_universal.size_ratio: 1
2021/11/17-02:50:18.138146 1145e6e00 Options.compaction_options_universal.min_merge_width: 2
2021/11/17-02:50:18.138148 1145e6e00 Options.compaction_options_universal.max_merge_width: 4294967295
2021/11/17-02:50:18.138150 1145e6e00 Options.compaction_options_universal.max_size_amplification_percent: 200
2021/11/17-02:50:18.138152 1145e6e00 Options.compaction_options_universal.compression_size_percent: -1
2021/11/17-02:50:18.138155 1145e6e00 Options.compaction_options_universal.stop_style: kCompactionStopStyleTotalSize
2021/11/17-02:50:18.138157 1145e6e00 Options.compaction_options_fifo.max_table_files_size: 1073741824
2021/11/17-02:50:18.138159 1145e6e00 Options.compaction_options_fifo.allow_compaction: 0
2021/11/17-02:50:18.138168 1145e6e00                   Options.table_properties_collectors: 
2021/11/17-02:50:18.138170 1145e6e00                   Options.inplace_update_support: 0
2021/11/17-02:50:18.138172 1145e6e00                 Options.inplace_update_num_locks: 10000
2021/11/17-02:50:18.138174 1145e6e00               Options.memtable_prefix_bloom_size_ratio: 0.000000
2021/11/17-02:50:18.138176 1145e6e00               Options.memtable_whole_key_filtering: 0
2021/11/17-02:50:18.138178 1145e6e00   Options.memtable_huge_page_size: 0
2021/11/17-02:50:18.138180 1145e6e00                           Options.bloom_locality: 0
2021/11/17-02:50:18.138182 1145e6e00                    Options.max_successive_merges: 0
2021/11/17-02:50:18.138184 1145e6e00                Options.optimize_filters_for_hits: 0
2021/11/17-02:50:18.138213 1145e6e00                Options.paranoid_file_checks: 0
2021/11/17-02:50:18.138216 1145e6e00                Options.force_consistency_checks: 1
2021/11/17-02:50:18.138218 1145e6e00                Options.report_bg_io_stats: 0
2021/11/17-02:50:18.138220 1145e6e00                               Options.ttl: 2592000
2021/11/17-02:50:18.138222 1145e6e00          Options.periodic_compaction_seconds: 0
2021/11/17-02:50:18.138224 1145e6e00                    Options.enable_blob_files: false
2021/11/17-02:50:18.138225 1145e6e00                        Options.min_blob_size: 0
2021/11/17-02:50:18.138227 1145e6e00                       Options.blob_file_size: 268435456
2021/11/17-02:50:18.138229 1145e6e00                Options.blob_compression_type: NoCompression
2021/11/17-02:50:18.138231 1145e6e00       Options.enable_blob_garbage_collection: false
2021/11/17-02:50:18.138233 1145e6e00   Options.blob_garbage_collection_age_cutoff: 0.250000
2021/11/17-02:50:18.138792 1145e6e00 [db/version_set.cc:4805] Recovered from manifest file:test-ledger/rocksdb/MANIFEST-000001 succeeded,manifest_file_number is 1, next_file_number is 3, last_sequence is 0, log_number is 0,prev_log_number is 0,max_column_family is 0,min_log_number_to_keep is 0
2021/11/17-02:50:18.138800 1145e6e00 [db/version_set.cc:4814] Column family [default] (ID 0), log number is 0
2021/11/17-02:50:18.138979 1145e6e00 [db/version_set.cc:4111] Creating manifest 3
2021/11/17-02:50:18.140685 1145e6e00 [db/column_family.cc:597] --------------- Options for column family [meta]:
2021/11/17-02:50:18.140692 1145e6e00               Options.comparator: leveldb.BytewiseComparator
2021/11/17-02:50:18.140695 1145e6e00           Options.merge_operator: None
2021/11/17-02:50:18.140697 1145e6e00        Options.compaction_filter: None
2021/11/17-02:50:18.140702 1145e6e00        Options.compaction_filter_factory: purged_slot_filter_factory(meta)
2021/11/17-02:50:18.140704 1145e6e00  Options.sst_partitioner_factory: None
2021/11/17-02:50:18.140706 1145e6e00         Options.memtable_factory: SkipListFactory
2021/11/17-02:50:18.140708 1145e6e00            Options.table_factory: BlockBasedTable
2021/11/17-02:50:18.140738 1145e6e00            table_factory options:   flush_block_policy_factory: FlushBlockBySizePolicyFactory (0x7ff53cf22ed0)
  cache_index_and_filter_blocks: 0
  cache_index_and_filter_blocks_with_high_priority: 1
  pin_l0_filter_and_index_blocks_in_cache: 0
  pin_top_level_index_and_filter: 1
  index_type: 0
  data_block_index_type: 0
  index_shortening: 1
  data_block_hash_table_util_ratio: 0.750000
  hash_index_allow_collision: 1
  checksum: 1
  no_block_cache: 0
  block_cache: 0x7ff53cf22f18
  block_cache_name: LRUCache
  block_cache_options:
    capacity : 8388608
    num_shard_bits : 4
    strict_capacity_limit : 0
    memory_allocator : None
    high_pri_pool_ratio: 0.000
  block_cache_compressed: 0x0
  persistent_cache: 0x0
  block_size: 4096
  block_size_deviation: 10
  block_restart_interval: 16
  index_block_restart_interval: 1
  metadata_block_size: 4096
  partition_filters: 0
  use_delta_encoding: 1
  filter_policy: nullptr
  whole_key_filtering: 1
  verify_compression: 0
  read_amp_bytes_per_bit: 0
  format_version: 4
  enable_index_compression: 1
  block_align: 0
2021/11/17-02:50:18.140746 1145e6e00        Options.write_buffer_size: 268435456
2021/11/17-02:50:18.140748 1145e6e00  Options.max_write_buffer_number: 8
2021/11/17-02:50:18.140750 1145e6e00          Options.compression: NoCompression
2021/11/17-02:50:18.140752 1145e6e00                  Options.bottommost_compression: Disabled
2021/11/17-02:50:18.140754 1145e6e00       Options.prefix_extractor: nullptr
2021/11/17-02:50:18.140756 1145e6e00   Options.memtable_insert_with_hint_prefix_extractor: nullptr
2021/11/17-02:50:18.140758 1145e6e00             Options.num_levels: 7
2021/11/17-02:50:18.140760 1145e6e00        Options.min_write_buffer_number_to_merge: 1
2021/11/17-02:50:18.140762 1145e6e00     Options.max_write_buffer_number_to_maintain: 0
2021/11/17-02:50:18.140764 1145e6e00     Options.max_write_buffer_size_to_maintain: 0
2021/11/17-02:50:18.140766 1145e6e00            Options.bottommost_compression_opts.window_bits: -14
2021/11/17-02:50:18.140768 1145e6e00                  Options.bottommost_compression_opts.level: 32767
2021/11/17-02:50:18.140770 1145e6e00               Options.bottommost_compression_opts.strategy: 0
2021/11/17-02:50:18.140772 1145e6e00         Options.bottommost_compression_opts.max_dict_bytes: 0
2021/11/17-02:50:18.140774 1145e6e00         Options.bottommost_compression_opts.zstd_max_train_bytes: 0
2021/11/17-02:50:18.140776 1145e6e00         Options.bottommost_compression_opts.parallel_threads: 1
2021/11/17-02:50:18.140778 1145e6e00                  Options.bottommost_compression_opts.enabled: false
2021/11/17-02:50:18.140780 1145e6e00            Options.compression_opts.window_bits: -14
2021/11/17-02:50:18.140782 1145e6e00                  Options.compression_opts.level: 32767
2021/11/17-02:50:18.140784 1145e6e00               Options.compression_opts.strategy: 0
2021/11/17-02:50:18.140786 1145e6e00         Options.compression_opts.max_dict_bytes: 0
2021/11/17-02:50:18.140787 1145e6e00         Options.compression_opts.zstd_max_train_bytes: 0
2021/11/17-02:50:18.140789 1145e6e00         Options.compression_opts.parallel_threads: 1
2021/11/17-02:50:18.140791 1145e6e00                  Options.compression_opts.enabled: false
2021/11/17-02:50:18.140793 1145e6e00      Options.level0_file_num_compaction_trigger: 4
2021/11/17-02:50:18.140845 1145e6e00          Options.level0_slowdown_writes_trigger: 20
2021/11/17-02:50:18.140850 1145e6e00              Options.level0_stop_writes_trigger: 36
2021/11/17-02:50:18.140852 1145e6e00                   Options.target_file_size_base: 107374182
2021/11/17-02:50:18.140854 1145e6e00             Options.target_file_size_multiplier: 1
2021/11/17-02:50:18.140856 1145e6e00                Options.max_bytes_for_level_base: 1073741824
2021/11/17-02:50:18.140858 1145e6e00 Options.level_compaction_dynamic_level_bytes: 0
2021/11/17-02:50:18.140860 1145e6e00          Options.max_bytes_for_level_multiplier: 10.000000
2021/11/17-02:50:18.140863 1145e6e00 Options.max_bytes_for_level_multiplier_addtl[0]: 1
2021/11/17-02:50:18.140865 1145e6e00 Options.max_bytes_for_level_multiplier_addtl[1]: 1
2021/11/17-02:50:18.140867 1145e6e00 Options.max_bytes_for_level_multiplier_addtl[2]: 1
2021/11/17-02:50:18.140869 1145e6e00 Options.max_bytes_for_level_multiplier_addtl[3]: 1
2021/11/17-02:50:18.140870 1145e6e00 Options.max_bytes_for_level_multiplier_addtl[4]: 1
2021/11/17-02:50:18.140872 1145e6e00 Options.max_bytes_for_level_multiplier_addtl[5]: 1
2021/11/17-02:50:18.140874 1145e6e00 Options.max_bytes_for_level_multiplier_addtl[6]: 1
2021/11/17-02:50:18.140875 1145e6e00       Options.max_sequential_skip_in_iterations: 8
2021/11/17-02:50:18.140877 1145e6e00                    Options.max_compaction_bytes: 2684354550
2021/11/17-02:50:18.140879 1145e6e00                        Options.arena_block_size: 33554432
2021/11/17-02:50:18.140881 1145e6e00   Options.soft_pending_compaction_bytes_limit: 68719476736
2021/11/17-02:50:18.140883 1145e6e00   Options.hard_pending_compaction_bytes_limit: 274877906944
2021/11/17-02:50:18.140885 1145e6e00       Options.rate_limit_delay_max_milliseconds: 100
2021/11/17-02:50:18.140887 1145e6e00                Options.disable_auto_compactions: 0
2021/11/17-02:50:18.140889 1145e6e00                        Options.compaction_style: kCompactionStyleLevel
2021/11/17-02:50:18.140892 1145e6e00                          Options.compaction_pri: kMinOverlappingRatio
2021/11/17-02:50:18.140893 1145e6e00 Options.compaction_options_universal.size_ratio: 1
2021/11/17-02:50:18.140895 1145e6e00 Options.compaction_options_universal.min_merge_width: 2
2021/11/17-02:50:18.140897 1145e6e00 Options.compaction_options_universal.max_merge_width: 4294967295
2021/11/17-02:50:18.140899 1145e6e00 Options.compaction_options_universal.max_size_amplification_percent: 200
2021/11/17-02:50:18.140901 1145e6e00 Options.compaction_options_universal.compression_size_percent: -1
2021/11/17-02:50:18.140904 1145e6e00 Options.compaction_options_universal.stop_style: kCompactionStopStyleTotalSize
2021/11/17-02:50:18.140906 1145e6e00 Options.compaction_options_fifo.max_table_files_size: 1073741824
2021/11/17-02:50:18.140908 1145e6e00 Options.compaction_options_fifo.allow_compaction: 0
2021/11/17-02:50:18.140911 1145e6e00                   Options.table_properties_collectors: 
2021/11/17-02:50:18.140916 1145e6e00                   Options.inplace_update_support: 0
2021/11/17-02:50:18.140918 1145e6e00                 Options.inplace_update_num_locks: 10000
2021/11/17-02:50:18.140936 1145e6e00               Options.memtable_prefix_bloom_size_ratio: 0.000000
2021/11/17-02:50:18.140957 1145e6e00               Options.memtable_whole_key_filtering: 0
2021/11/17-02:50:18.140961 1145e6e00   Options.memtable_huge_page_size: 0
2021/11/17-02:50:18.140963 1145e6e00                           Options.bloom_locality: 0
2021/11/17-02:50:18.140966 1145e6e00                    Options.max_successive_merges: 0
2021/11/17-02:50:18.140968 1145e6e00                Options.optimize_filters_for_hits: 0
2021/11/17-02:50:18.140970 1145e6e00                Options.paranoid_file_checks: 0
2021/11/17-02:50:18.140972 1145e6e00                Options.force_consistency_checks: 1
2021/11/17-02:50:18.140974 1145e6e00                Options.report_bg_io_stats: 0
2021/11/17-02:50:18.140976 1145e6e00                               Options.ttl: 2592000
2021/11/17-02:50:18.141018 1145e6e00          Options.periodic_compaction_seconds: 2592000
2021/11/17-02:50:18.141021 1145e6e00                    Options.enable_blob_files: false
2021/11/17-02:50:18.141024 1145e6e00                        Options.min_blob_size: 0
2021/11/17-02:50:18.141026 1145e6e00                       Options.blob_file_size: 268435456
2021/11/17-02:50:18.141028 1145e6e00                Options.blob_compression_type: NoCompression
2021/11/17-02:50:18.141030 1145e6e00       Options.enable_blob_garbage_collection: false
2021/11/17-02:50:18.141032 1145e6e00   Options.blob_garbage_collection_age_cutoff: 0.250000
2021/11/17-02:50:18.141121 1145e6e00 [db/db_impl/db_impl.cc:2658] Created column family [meta] (ID 1)
2021/11/17-02:50:18.144454 1145e6e00 [db/column_family.cc:597] --------------- Options for column family [dead_slots]:
2021/11/17-02:50:18.144461 1145e6e00               Options.comparator: leveldb.BytewiseComparator
2021/11/17-02:50:18.144463 1145e6e00           Options.merge_operator: None
2021/11/17-02:50:18.144465 1145e6e00        Options.compaction_filter: None
2021/11/17-02:50:18.144467 1145e6e00        Options.compaction_filter_factory: purged_slot_filter_factory(dead_slots)
2021/11/17-02:50:18.144468 1145e6e00  Options.sst_partitioner_factory: None
2021/11/17-02:50:18.144470 1145e6e00         Options.memtable_factory: SkipListFactory
2021/11/17-02:50:18.144472 1145e6e00            Options.table_factory: BlockBasedTable
2021/11/17-02:50:18.144497 1145e6e00            table_factory options:   flush_block_policy_factory: FlushBlockBySizePolicyFactory (0x7ff53cf23b80)
  cache_index_and_filter_blocks: 0
  cache_index_and_filter_blocks_with_high_priority: 1
  pin_l0_filter_and_index_blocks_in_cache: 0
  pin_top_level_index_and_filter: 1
  index_type: 0
  data_block_index_type: 0
  index_shortening: 1
  data_block_hash_table_util_ratio: 0.750000
  hash_index_allow_collision: 1
  checksum: 1
  no_block_cache: 0
  block_cache: 0x7ff53cf23bc8
  block_cache_name: LRUCache
  block_cache_options:
    capacity : 8388608
    num_shard_bits : 4
    strict_capacity_limit : 0
    memory_allocator : None
    high_pri_pool_ratio: 0.000
  block_cache_compressed: 0x0
  persistent_cache: 0x0
  block_size: 4096
  block_size_deviation: 10
  block_restart_interval: 16
  index_block_restart_interval: 1
  metadata_block_size: 4096
  partition_filters: 0
  use_delta_encoding: 1
  filter_policy: nullptr
  whole_key_filtering: 1
  verify_compression: 0
  read_amp_bytes_per_bit: 0
  format_version: 4
  enable_index_compression: 1
  block_align: 0
2021/11/17-02:50:18.144502 1145e6e00        Options.write_buffer_size: 268435456
2021/11/17-02:50:18.144505 1145e6e00  Options.max_write_buffer_number: 8
2021/11/17-02:50:18.144506 1145e6e00          Options.compression: NoCompression
2021/11/17-02:50:18.144508 1145e6e00                  Options.bottommost_compression: Disabled
2021/11/17-02:50:18.144510 1145e6e00       Options.prefix_extractor: nullptr
2021/11/17-02:50:18.144511 1145e6e00   Options.memtable_insert_with_hint_prefix_extractor: nullptr
2021/11/17-02:50:18.144513 1145e6e00             Options.num_levels: 7
2021/11/17-02:50:18.144515 1145e6e00        Options.min_write_buffer_number_to_merge: 1
2021/11/17-02:50:18.144517 1145e6e00     Options.max_write_buffer_number_to_maintain: 0
2021/11/17-02:50:18.144518 1145e6e00     Options.max_write_buffer_size_to_maintain: 0
2021/11/17-02:50:18.144520 1145e6e00            Options.bottommost_compression_opts.window_bits: -14
2021/11/17-02:50:18.144522 1145e6e00                  Options.bottommost_compression_opts.level: 32767
2021/11/17-02:50:18.144523 1145e6e00               Options.bottommost_compression_opts.strategy: 0
2021/11/17-02:50:18.144525 1145e6e00         Options.bottommost_compression_opts.max_dict_bytes: 0
2021/11/17-02:50:18.144527 1145e6e00         Options.bottommost_compression_opts.zstd_max_train_bytes: 0
2021/11/17-02:50:18.144529 1145e6e00         Options.bottommost_compression_opts.parallel_threads: 1
2021/11/17-02:50:18.144531 1145e6e00                  Options.bottommost_compression_opts.enabled: false
2021/11/17-02:50:18.144533 1145e6e00            Options.compression_opts.window_bits: -14
2021/11/17-02:50:18.144535 1145e6e00                  Options.compression_opts.level: 32767
2021/11/17-02:50:18.144537 1145e6e00               Options.compression_opts.strategy: 0
2021/11/17-02:50:18.144539 1145e6e00         Options.compression_opts.max_dict_bytes: 0
2021/11/17-02:50:18.144540 1145e6e00         Options.compression_opts.zstd_max_train_bytes: 0
2021/11/17-02:50:18.144542 1145e6e00         Options.compression_opts.parallel_threads: 1
2021/11/17-02:50:18.144544 1145e6e00                  Options.compression_opts.enabled: false
2021/11/17-02:50:18.144546 1145e6e00      Options.level0_file_num_compaction_trigger: 4
2021/11/17-02:50:18.144585 1145e6e00          Options.level0_slowdown_writes_trigger: 20
2021/11/17-02:50:18.144588 1145e6e00              Options.level0_stop_writes_trigger: 36
2021/11/17-02:50:18.144590 1145e6e00                   Options.target_file_size_base: 107374182
2021/11/17-02:50:18.144592 1145e6e00             Options.target_file_size_multiplier: 1
2021/11/17-02:50:18.144594 1145e6e00                Options.max_bytes_for_level_base: 1073741824
2021/11/17-02:50:18.144596 1145e6e00 Options.level_compaction_dynamic_level_bytes: 0
2021/11/17-02:50:18.144598 1145e6e00          Options.max_bytes_for_level_multiplier: 10.000000
2021/11/17-02:50:18.144601 1145e6e00 Options.max_bytes_for_level_multiplier_addtl[0]: 1
2021/11/17-02:50:18.144603 1145e6e00 Options.max_bytes_for_level_multiplier_addtl[1]: 1
2021/11/17-02:50:18.144605 1145e6e00 Options.max_bytes_for_level_multiplier_addtl[2]: 1
2021/11/17-02:50:18.144607 1145e6e00 Options.max_bytes_for_level_multiplier_addtl[3]: 1
2021/11/17-02:50:18.144609 1145e6e00 Options.max_bytes_for_level_multiplier_addtl[4]: 1
2021/11/17-02:50:18.144611 1145e6e00 Options.max_bytes_for_level_multiplier_addtl[5]: 1
2021/11/17-02:50:18.144613 1145e6e00 Options.max_bytes_for_level_multiplier_addtl[6]: 1
2021/11/17-02:50:18.144614 1145e6e00       Options.max_sequential_skip_in_iterations: 8
2021/11/17-02:50:18.144616 1145e6e00                    Options.max_compaction_bytes: 2684354550
2021/11/17-02:50:18.144618 1145e6e00                        Options.arena_block_size: 33554432
2021/11/17-02:50:18.144620 1145e6e00   Options.soft_pending_compaction_bytes_limit: 68719476736
2021/11/17-02:50:18.144622 1145e6e00   Options.hard_pending_compaction_bytes_limit: 274877906944
2021/11/17-02:50:18.144624 1145e6e00       Options.rate_limit_delay_max_milliseconds: 100
2021/11/17-02:50:18.144626 1145e6e00                Options.disable_auto_compactions: 0
2021/11/17-02:50:18.144628 1145e6e00                        Options.compaction_style: kCompactionStyleLevel
2021/11/17-02:50:18.144631 1145e6e00                          Options.compaction_pri: kMinOverlappingRatio
2021/11/17-02:50:18.144632 1145e6e00 Options.compaction_options_universal.size_ratio: 1
2021/11/17-02:50:18.144634 1145e6e00 Options.compaction_options_universal.min_merge_width: 2
2021/11/17-02:50:18.144636 1145e6e00 Options.compaction_options_universal.max_merge_width: 4294967295
2021/11/17-02:50:18.144638 1145e6e00 Options.compaction_options_universal.max_size_amplification_percent: 200
2021/11/17-02:50:18.144640 1145e6e00 Options.compaction_options_universal.compression_size_percent: -1
2021/11/17-02:50:18.144643 1145e6e00 Options.compaction_options_universal.stop_style: kCompactionStopStyleTotalSize
2021/11/17-02:50:18.144645 1145e6e00 Options.compaction_options_fifo.max_table_files_size: 1073741824
2021/11/17-02:50:18.144647 1145e6e00 Options.compaction_options_fifo.allow_compaction: 0
2021/11/17-02:50:18.144650 1145e6e00                   Options.table_properties_collectors: 
2021/11/17-02:50:18.144652 1145e6e00                   Options.inplace_update_support: 0
2021/11/17-02:50:18.144653 1145e6e00                 Options.inplace_update_num_locks: 10000
2021/11/17-02:50:18.144655 1145e6e00               Options.memtable_prefix_bloom_size_ratio: 0.000000
2021/11/17-02:50:18.144658 1145e6e00               Options.memtable_whole_key_filtering: 0
2021/11/17-02:50:18.144659 1145e6e00   Options.memtable_huge_page_size: 0
2021/11/17-02:50:18.144661 1145e6e00                           Options.bloom_locality: 0
2021/11/17-02:50:18.144663 1145e6e00                    Options.max_successive_merges: 0
2021/11/17-02:50:18.144665 1145e6e00                Options.optimize_filters_for_hits: 0
2021/11/17-02:50:18.144667 1145e6e00                Options.paranoid_file_checks: 0
2021/11/17-02:50:18.144669 1145e6e00                Options.force_consistency_checks: 1
2021/11/17-02:50:18.144670 1145e6e00                Options.report_bg_io_stats: 0
2021/11/17-02:50:18.144672 1145e6e00                               Options.ttl: 2592000
2021/11/17-02:50:18.144701 1145e6e00          Options.periodic_compaction_seconds: 2592000
2021/11/17-02:50:18.144704 1145e6e00                    Options.enable_blob_files: false
2021/11/17-02:50:18.144706 1145e6e00                        Options.min_blob_size: 0
2021/11/17-02:50:18.144708 1145e6e00                       Options.blob_file_size: 268435456
2021/11/17-02:50:18.144710 1145e6e00                Options.blob_compression_type: NoCompression
2021/11/17-02:50:18.144712 1145e6e00       Options.enable_blob_garbage_collection: false
2021/11/17-02:50:18.144714 1145e6e00   Options.blob_garbage_collection_age_cutoff: 0.250000
2021/11/17-02:50:18.144781 1145e6e00 [db/db_impl/db_impl.cc:2658] Created column family [dead_slots] (ID 2)
2021/11/17-02:50:18.147878 1145e6e00 [db/column_family.cc:597] --------------- Options for column family [duplicate_slots]:
2021/11/17-02:50:18.147883 1145e6e00               Options.comparator: leveldb.BytewiseComparator
2021/11/17-02:50:18.147884 1145e6e00           Options.merge_operator: None
2021/11/17-02:50:18.147885 1145e6e00        Options.compaction_filter: None
2021/11/17-02:50:18.147887 1145e6e00        Options.compaction_filter_factory: purged_slot_filter_factory(duplicate_slots)
2021/11/17-02:50:18.147888 1145e6e00  Options.sst_partitioner_factory: None
2021/11/17-02:50:18.147889 1145e6e00         Options.memtable_factory: SkipListFactory
2021/11/17-02:50:18.147890 1145e6e00            Options.table_factory: BlockBasedTable
2021/11/17-02:50:18.147906 1145e6e00            table_factory options:   flush_block_policy_factory: FlushBlockBySizePolicyFactory (0x7ff53cf247e0)
  cache_index_and_filter_blocks: 0
  cache_index_and_filter_blocks_with_high_priority: 1
  pin_l0_filter_and_index_blocks_in_cache: 0
  pin_top_level_index_and_filter: 1
  index_type: 0
  data_block_index_type: 0
  index_shortening: 1
  data_block_hash_table_util_ratio: 0.750000
  hash_index_allow_collision: 1
  checksum: 1
  no_block_cache: 0
  block_cache: 0x7ff53cf24828
  block_cache_name: LRUCache
  block_cache_options:
    capacity : 8388608
    num_shard_bits : 4
    strict_capacity_limit : 0
    memory_allocator : None
    high_pri_pool_ratio: 0.000
  block_cache_compressed: 0x0
  persistent_cache: 0x0
  block_size: 4096
  block_size_deviation: 10
  block_restart_interval: 16
  index_block_restart_interval: 1
  metadata_block_size: 4096
  partition_filters: 0
  use_delta_encoding: 1
  filter_policy: nullptr
  whole_key_filtering: 1
  verify_compression: 0
  read_amp_bytes_per_bit: 0
  format_version: 4
  enable_index_compression: 1
  block_align: 0
2021/11/17-02:50:18.147909 1145e6e00        Options.write_buffer_size: 268435456
2021/11/17-02:50:18.147910 1145e6e00  Options.max_write_buffer_number: 8
2021/11/17-02:50:18.147911 1145e6e00          Options.compression: NoCompression
2021/11/17-02:50:18.147912 1145e6e00                  Options.bottommost_compression: Disabled
2021/11/17-02:50:18.147913 1145e6e00       Options.prefix_extractor: nullptr
2021/11/17-02:50:18.147914 1145e6e00   Options.memtable_insert_with_hint_prefix_extractor: nullptr
2021/11/17-02:50:18.147915 1145e6e00             Options.num_levels: 7
2021/11/17-02:50:18.147915 1145e6e00        Options.min_write_buffer_number_to_merge: 1
2021/11/17-02:50:18.147916 1145e6e00     Options.max_write_buffer_number_to_maintain: 0
2021/11/17-02:50:18.147917 1145e6e00     Options.max_write_buffer_size_to_maintain: 0
2021/11/17-02:50:18.147918 1145e6e00            Options.bottommost_compression_opts.window_bits: -14
2021/11/17-02:50:18.147919 1145e6e00                  Options.bottommost_compression_opts.level: 32767
2021/11/17-02:50:18.147920 1145e6e00               Options.bottommost_compression_opts.strategy: 0
2021/11/17-02:50:18.147921 1145e6e00         Options.bottommost_compression_opts.max_dict_bytes: 0
2021/11/17-02:50:18.147922 1145e6e00         Options.bottommost_compression_opts.zstd_max_train_bytes: 0
2021/11/17-02:50:18.147923 1145e6e00         Options.bottommost_compression_opts.parallel_threads: 1
2021/11/17-02:50:18.147924 1145e6e00                  Options.bottommost_compression_opts.enabled: false
2021/11/17-02:50:18.147925 1145e6e00            Options.compression_opts.window_bits: -14
2021/11/17-02:50:18.147926 1145e6e00                  Options.compression_opts.level: 32767
2021/11/17-02:50:18.147927 1145e6e00               Options.compression_opts.strategy: 0
2021/11/17-02:50:18.147928 1145e6e00         Options.compression_opts.max_dict_bytes: 0
2021/11/17-02:50:18.147929 1145e6e00         Options.compression_opts.zstd_max_train_bytes: 0
2021/11/17-02:50:18.147930 1145e6e00         Options.compression_opts.parallel_threads: 1
2021/11/17-02:50:18.147930 1145e6e00                  Options.compression_opts.enabled: false
